# N  L(N)  |L(N)|/sqrt(N)
0 0 0.000000
100000 -288 0.910736
200000 -294 0.657404
300000 -98 0.178923
400000 -460 0.727324
500000 -386 0.545886
600000 -802 1.035378
700000 -240 0.286855
800000 -600 0.670820
900000 -988 1.041443
1000000 -530 0.530000
1100000 -404 0.385199
1200000 -708 0.646313
1300000 -994 0.871796
1400000 -1278 1.080107
1500000 -1262 1.030419
1600000 -696 0.550236
1700000 -524 0.401890
1800000 -434 0.323485
1900000 -830 0.602145
2000000 -1234 0.872570
2100000 -1648 1.137228
2200000 -1430 0.964106
2300000 -1472 0.970608
2400000 -1008 0.650661
2500000 -868 0.548971
2600000 -574 0.355980
2700000 -550 0.334719
2800000 -460 0.274903
2900000 -1114 0.654163
3000000 -942 0.543864
3100000 -1052 0.597496
3200000 -1808 1.010703
3300000 -1982 1.091055
3400000 -1804 0.978356
3500000 -1728 0.923655
3600000 -1358 0.715729
3700000 -1740 0.904583
3800000 -1206 0.618665
3900000 -1196 0.605618
4000000 -1098 0.549000
4100000 -1384 0.683509
4200000 -510 0.248855
4300000 -360 0.173607
4400000 -386 0.184018
4500000 -978 0.461034
4600000 -962 0.448535
4700000 -1620 0.747250
4800000 -1656 0.755857
4900000 -1834 0.828517
5000000 -2292 1.025014
5100000 -2264 1.002516
5200000 -2422 1.062117
5300000 -2770 1.203211
5400000 -2592 1.115419
5500000 -2534 1.080501
5600000 -2344 0.990521
5700000 -1504 0.629956
5800000 -1336 0.554744
5900000 -1242 0.511323
6000000 -1492 0.609106
6100000 -1452 0.587898
6200000 -1430 0.574302
6300000 -1270 0.505980
6400000 -752 0.297254
6500000 -546 0.214159
6600000 -714 0.277924
6700000 -938 0.362381
6800000 -1000 0.383482
6900000 -1052 0.400490
7000000 -1582 0.597940
7100000 -2150 0.806881
7200000 -2014 0.750573
7300000 -2170 0.803153
7400000 -1708 0.627873
7500000 -1842 0.672603
7600000 -2184 0.792220
7700000 -2282 0.822376
7800000 -2190 0.784146
7900000 -2294 0.816169
8000000 -2444 0.864084
8100000 -2408 0.846085
8200000 -2280 0.796211
8300000 -2858 0.992026
8400000 -2942 1.015086
8500000 -2740 0.939812
8600000 -2914 0.993666
8700000 -3238 1.097785
8800000 -3360 1.132656
8900000 -2558 0.857444
9000000 -2572 0.857333
9100000 -2650 0.878466
9200000 -2700 0.890164
9300000 -2182 0.715506
9400000 -1858 0.606013
9500000 -1388 0.450327
9600000 -1640 0.529308
9700000 -1600 0.513729
9800000 -1434 0.458074
9900000 -1320 0.419524
10000000 -842 0.266264
