# N L(N) |L|/sqrt(N)
500000 -386 0.545886
1000000 -530 0.530000
1500000 -1262 1.030419
2000000 -1234 0.872570
2500000 -868 0.548971
3000000 -942 0.543864
3500000 -1728 0.923655
4000000 -1098 0.549000
4500000 -978 0.461034
5000000 -2292 1.025014
5500000 -2534 1.080501
6000000 -1492 0.609106
6500000 -546 0.214159
7000000 -1582 0.597940
7500000 -1842 0.672603
8000000 -2444 0.864084
8500000 -2740 0.939812
9000000 -2572 0.857333
9500000 -1388 0.450327
10000000 -842 0.266264
10500000 -708 0.218494
11000000 -1606 0.484227
11500000 -2448 0.721876
12000000 -2848 0.822147
12500000 -3818 1.079893
13000000 -4434 1.229770
13500000 -3280 0.892703
14000000 -2732 0.730158
14500000 -1928 0.506318
15000000 -2006 0.517947
15500000 -1486 0.377444
16000000 -1358 0.339500
16500000 -1342 0.330378
17000000 -2298 0.557347
17500000 -2674 0.639208
18000000 -3564 0.840043
18500000 -3262 0.758400
19000000 -4210 0.965840
19500000 -4114 0.931638
20000000 -4510 1.008467
20500000 -4340 0.958546
21000000 -4522 0.986781
21500000 -4206 0.907089
22000000 -4282 0.912925
22500000 -2752 0.580173
23000000 -2782 0.580087
23500000 -2382 0.491369
24000000 -2410 0.491939
24500000 -2982 0.602455
25000000 -1488 0.297600
25500000 -1358 0.268924
26000000 -1192 0.233770
26500000 -1564 0.303818
27000000 -2510 0.483050
27500000 -2422 0.461857
28000000 -3580 0.676556
28500000 -5206 0.975173
29000000 -4764 0.884653
29500000 -4718 0.868654
30000000 -5630 1.027893
30500000 -6340 1.147993
31000000 -6856 1.231374
31500000 -5530 0.985303
32000000 -5448 0.963079
32500000 -5558 0.974938
33000000 -5744 0.999902
33500000 -5950 1.028003
34000000 -4856 0.832797
34500000 -4054 0.690199
35000000 -3306 0.558816
35500000 -2672 0.448459
36000000 -2232 0.372000
36500000 -2500 0.413803
37000000 -2326 0.382392
37500000 -1712 0.279568
38000000 -1292 0.209590
38500000 -2212 0.356496
39000000 -2708 0.433627
39500000 -3564 0.567073
40000000 -3192 0.504700
40500000 -4078 0.640796
41000000 -3764 0.587838
41500000 -3202 0.497047
42000000 -3104 0.478958
42500000 -4710 0.722481
43000000 -3720 0.567295
43500000 -3766 0.570999
44000000 -3546 0.534580
44500000 -4154 0.622711
45000000 -5390 0.803494
45500000 -6452 0.956508
46000000 -6262 0.923282
46500000 -7006 1.027410
47000000 -6792 0.990715
47500000 -7294 1.058325
48000000 -6824 0.984960
48500000 -6328 0.908648
49000000 -5416 0.773714
49500000 -6540 0.929555
50000000 -7608 1.075934
50500000 -7056 0.992917
51000000 -7312 1.023885
51500000 -7488 1.043427
52000000 -7464 1.035071
52500000 -6808 0.939593
53000000 -6076 0.834603
53500000 -6240 0.853115
54000000 -5020 0.683135
54500000 -4878 0.660760
55000000 -4658 0.628085
55500000 -4362 0.585517
56000000 -4000 0.534522
56500000 -3034 0.403637
57000000 -3748 0.496435
57500000 -4294 0.566276
58000000 -3668 0.481632
58500000 -3522 0.460481
59000000 -3822 0.497582
59500000 -3534 0.458150
60000000 -3016 0.389364
60500000 -2408 0.309584
61000000 -2454 0.314203
61500000 -1990 0.253756
62000000 -1420 0.180340
62500000 -2422 0.306361
63000000 -2710 0.341428
63500000 -3380 0.424160
64000000 -3936 0.492000
64500000 -3122 0.388734
65000000 -2986 0.370368
65500000 -2788 0.344486
66000000 -2672 0.328900
66500000 -3950 0.484380
67000000 -4104 0.501383
67500000 -5330 0.648747
68000000 -5842 0.708447
68500000 -6650 0.803482
69000000 -5968 0.718463
69500000 -6698 0.803439
70000000 -6598 0.788612
70500000 -8462 1.007810
71000000 -8234 0.977196
71500000 -8792 1.039764
72000000 -8992 1.059717
72500000 -9636 1.131691
73000000 -9394 1.099485
73500000 -9170 1.069611
74000000 -9372 1.089473
74500000 -8960 1.038078
75000000 -9756 1.126526
75500000 -9630 1.108288
76000000 -10242 1.174838
76500000 -9128 1.043626
77000000 -8720 0.993736
77500000 -8556 0.971896
78000000 -7968 0.902198
78500000 -7788 0.879005
79000000 -7332 0.824914
79500000 -7094 0.795624
80000000 -7132 0.797382
80500000 -7810 0.870469
81000000 -7312 0.812444
81500000 -7852 0.869764
82000000 -8278 0.914152
82500000 -7914 0.871303
83000000 -8796 0.965486
83500000 -8510 0.931293
84000000 -8088 0.882473
84500000 -7216 0.784997
85000000 -5164 0.560114
85500000 -4798 0.518892
86000000 -6562 0.707599
86500000 -6006 0.645769
87000000 -5924 0.635119
87500000 -5428 0.580278
88000000 -5632 0.600373
88500000 -5862 0.623124
89000000 -5022 0.532331
89500000 -4058 0.428944
90000000 -2176 0.229371
90500000 -2490 0.261743
91000000 -1954 0.204835
91500000 -1962 0.205111
92000000 -1908 0.198923
92500000 -1652 0.171767
93000000 -1566 0.162387
93500000 -2346 0.242618
94000000 -2112 0.217836
94500000 -2918 0.300171
95000000 -3270 0.335495
95500000 -3558 0.364086
96000000 -4088 0.417230
96500000 -4492 0.457274
97000000 -4582 0.465232
97500000 -5566 0.563691
98000000 -5906 0.596596
98500000 -5920 0.596491
99000000 -4642 0.466539
99500000 -4376 0.438698
100000000 -3884 0.388400
